<?xml version="1.0"?>
<opencv_storage>
<classifications type_id="opencv-matrix">
  <rows>104</rows>
  <cols>1</cols>
  <dt>i</dt>
  <data>
    122 121 120 119 118 117 116 115 114 113 112 111 110 109 108 107 106
    105 104 103 102 101 100 99 98 97 122 121 120 119 118 117 115 114 116
    110 109 106 105 103 97 113 112 111 101 99 108 107 104 100 98 102 122
    119 118 116 121 120 117 115 114 113 112 111 110 109 108 107 106 105
    104 103 102 101 100 99 98 97 122 121 120 119 118 117 115 114 113 116
    112 111 110 109 106 105 103 101 99 97 108 107 104 102 100 98</data></classifications>
</opencv_storage>
